RESULTADOS DEL SISTEMA DE PINZA ROBOTICA
Datos:
410 0.254 1.964 1.884
412 0.259 1.988 1.966
682 0.262 1.857 1.842
734 0.23 1.779 1.904
1099 0.238 1.792 1.905
1126 0.244 1.805 1.886
1135 0.239 1.763 1.896
1202 0.251 1.841 1.835
1316 0.256 1.861 1.826
1572 0.265 1.865 1.91
1914 0.217 1.633 1.501
3478 0.239 1.695 1.712
3575 0.244 1.817 1.86
3921 0.251 1.849 1.91
3948 0.253 1.918 1.837
4166 0.248 1.817 1.841
4354 0.248 1.798 1.746
4425 0.24 1.804 1.711
4590 0.238 1.733 1.827
4932 0.239 1.779 1.838
5118 0.24 1.796 1.752
5122 0.242 1.719 1.743
6092 0.228 1.705 1.65
6178 0.234 1.68 1.72
6574 0.22 1.595 1.676
6658 0.23 1.576 1.788
6843 0.238 1.666 1.71
7218 0.273 1.949 1.963
7247 0.258 1.948 1.916
7376 0.262 2.027 1.938
7865 0.262 1.904 1.85
8224 0.231 1.709 1.767
8399 0.231 1.769 1.793
8513 0.237 1.712 1.753
8593 0.224 1.629 1.719
8863 0.216 1.509 1.517
8998 0.214 1.504 1.47
9622 0.232 1.629 1.648
9732 0.241 1.746 1.627
9750 0.22 1.604 1.699
10041 0.241 1.683 1.749
10490 0.239 1.868 1.833
10664 0.249 1.84 1.878
10733 0.263 1.968 1.883
10967 0.251 2.031 1.907
11113 0.267 1.986 1.927
11247 0.258 1.863 1.819
11255 0.251 1.883 1.814
11688 0.232 1.619 1.684
11962 0.238 1.719 1.729
12138 0.226 1.626 1.665
12174 0.216 1.604 1.641
12183 0.221 1.597 1.67
12213 0.234 1.602 1.651
12425 0.212 1.495 1.469
12533 0.21 1.583 1.569
12634 0.215 1.466 1.479
12691 0.215 1.524 1.507
12702 0.203 1.489 1.484
12773 0.21 1.522 1.465
12847 0.215 1.524 1.511
13091 0.247 1.761 1.766
13237 0.239 1.765 1.766
13342 0.247 1.806 1.79
14167 0.262 1.921 1.973
14386 0.264 1.973 2.032
14767 0.251 1.869 1.777
14962 0.247 1.717 1.638
14963 0.24 1.719 1.656
15062 0.226 1.719 1.643
15136 0.232 1.629 1.596
15548 0.235 1.627 1.71
15707 0.242 1.553 1.672
15736 0.227 1.558 1.569
15780 0.231 1.57 1.561
15857 0.209 1.533 1.588
15955 0.197 1.447 1.523
15986 0.207 1.45 1.492
16102 0.212 1.477 1.46
16145 0.196 1.381 1.423
17157 0.245 1.754 1.794
17336 0.252 1.829 1.921
17608 0.237 1.848 1.838
17880 0.267 1.943 1.956
17904 0.26 1.919 1.931
18022 0.252 1.917 1.914
18081 0.246 1.822 1.846
18171 0.24 1.905 1.783
18530 0.215 1.651 1.541
18537 0.213 1.538 1.465
18573 0.22 1.648 1.543
18735 0.219 1.568 1.544
18788 0.228 1.565 1.557
18852 0.229 1.574 1.617
19159 0.225 1.54 1.679
19230 0.23 1.607 1.667
19323 0.225 1.593 1.57
19696 0.206 1.528 1.531
19911 0.234 1.704 1.609
19963 0.232 1.722 1.673

Medias:
Galga = 0.236
Fuerza izquierda = 1.71876
Fuerza derecha = 1.72284

Clasificacion:
410 ESTABLE
412 ESTABLE
682 ESTABLE
734 ESTABLE
1099 ESTABLE
1126 ESTABLE
1135 ESTABLE
1202 ESTABLE
1316 ESTABLE
1572 ESTABLE
1914 ESTABLE
3478 ESTABLE
3575 ESTABLE
3921 ESTABLE
3948 ESTABLE
4166 ESTABLE
4354 ESTABLE
4425 ESTABLE
4590 ESTABLE
4932 ESTABLE
5118 ESTABLE
5122 ESTABLE
6092 ESTABLE
6178 ESTABLE
6574 ESTABLE
6658 INESTABLE
6843 ESTABLE
7218 ESTABLE
7247 ESTABLE
7376 ESTABLE
7865 ESTABLE
8224 ESTABLE
8399 ESTABLE
8513 ESTABLE
8593 ESTABLE
8863 ESTABLE
8998 ESTABLE
9622 ESTABLE
9732 ESTABLE
9750 ESTABLE
10041 ESTABLE
10490 ESTABLE
10664 ESTABLE
10733 ESTABLE
10967 ESTABLE
11113 ESTABLE
11247 ESTABLE
11255 ESTABLE
11688 ESTABLE
11962 ESTABLE
12138 ESTABLE
12174 ESTABLE
12183 ESTABLE
12213 ESTABLE
12425 ESTABLE
12533 ESTABLE
12634 ESTABLE
12691 ESTABLE
12702 ESTABLE
12773 ESTABLE
12847 ESTABLE
13091 ESTABLE
13237 ESTABLE
13342 ESTABLE
14167 ESTABLE
14386 ESTABLE
14767 ESTABLE
14962 ESTABLE
14963 ESTABLE
15062 ESTABLE
15136 ESTABLE
15548 ESTABLE
15707 ESTABLE
15736 ESTABLE
15780 ESTABLE
15857 ESTABLE
15955 ESTABLE
15986 ESTABLE
16102 ESTABLE
16145 ESTABLE
17157 ESTABLE
17336 ESTABLE
17608 ESTABLE
17880 ESTABLE
17904 ESTABLE
18022 ESTABLE
18081 ESTABLE
18171 ESTABLE
18530 ESTABLE
18537 ESTABLE
18573 ESTABLE
18735 ESTABLE
18788 ESTABLE
18852 ESTABLE
19159 ESTABLE
19230 ESTABLE
19323 ESTABLE
19696 ESTABLE
19911 ESTABLE
19963 ESTABLE
